03/08/2025, 11:12 AM
Project Statistics

                 	Segments	   Words	Characters (w/o spaces)	Characters (w/ spaces)	#Files	
Total:           	 2066003	15709577	               67896778	              81475580	   204	
Remaining:       	 2066003	15709577	               67896778	              81475580	   204	
Unique:          	 2044856	15622449	               67533290	              81046426	   204	
Unique Remaining:	 2044856	15622449	               67533290	              81046426	   204	


Individual File Statistics:

File Name   	Total Segments	Remaining Segments	Unique Segments	Unique Remaining Segments	Total Words	Remaining Words	Unique Words	Unique Remaining Words	Total Characters (w/o spaces)	Remaining Characters (w/o spaces)	Unique Characters (w/o spaces)	Unique Remaining Characters (w/o spaces)	Total Characters (w/ spaces)	Remaining Characters (w/ spaces)	Unique Characters (w/ spaces)	Unique Remaining Characters (w/ spaces)	
part_1.txt  	          4206	              4206	           4155	                     4155	     107236	         107236	      107023	                107023	                       495256	                           495256	                        494275	                                  494275	                      592623	                          592623	                       591466	                                 591466	
part_10.txt 	         10419	             10419	          10371	                    10371	      89960	          89960	       89717	                 89717	                       415105	                           415105	                        414035	                                  414035	                      494361	                          494361	                       493096	                                 493096	
part_100.txt	         10358	             10358	          10304	                    10304	      88074	          88074	       87846	                 87846	                       388528	                           388528	                        387512	                                  387512	                      465925	                          465925	                       464734	                                 464734	
part_101.txt	         10381	             10381	          10215	                    10215	      72991	          72991	       72496	                 72496	                       323158	                           323158	                        321138	                                  321138	                      385625	                          385625	                       383281	                                 383281	
part_102.txt	         11180	             11180	          10867	                    10867	     110040	         110040	      108930	                108930	                       490293	                           490293	                        485883	                                  485883	                      588603	                          588603	                       583397	                                 583397	
part_103.txt	         10438	             10438	          10347	                    10347	      84868	          84868	       84552	                 84552	                       401114	                           401114	                        399761	                                  399761	                      475281	                          475281	                       473704	                                 473704	
part_104.txt	         10298	             10298	          10196	                    10196	      75849	          75849	       75382	                 75382	                       357696	                           357696	                        355477	                                  355477	                      422910	                          422910	                       420328	                                 420328	
part_105.txt	         10513	             10513	          10325	                    10325	      82633	          82633	       82053	                 82053	                       402079	                           402079	                        399317	                                  399317	                      473895	                          473895	                       470745	                                 470745	
part_106.txt	         10249	             10249	          10225	                    10225	      73985	          73985	       73901	                 73901	                       363551	                           363551	                        363140	                                  363140	                      426975	                          426975	                       426504	                                 426504	
part_107.txt	          9999	              9999	           9999	                     9999	      66097	          66097	       66097	                 66097	                       306316	                           306316	                        306316	                                  306316	                      362385	                          362385	                       362385	                                 362385	
part_108.txt	         10007	             10007	          10004	                    10004	      61825	          61825	       61809	                 61809	                       270122	                           270122	                        270065	                                  270065	                      321927	                          321927	                       321857	                                 321857	
part_109.txt	         10013	             10013	          10010	                    10010	      60712	          60712	       60699	                 60699	                       272238	                           272238	                        272184	                                  272184	                      322916	                          322916	                       322852	                                 322852	
part_11.txt 	         10244	             10244	          10139	                    10139	      73011	          73011	       72530	                 72530	                       297443	                           297443	                        295596	                                  295596	                      360086	                          360086	                       357862	                                 357862	
part_110.txt	         10002	             10002	          10000	                    10000	      63221	          63221	       63214	                 63214	                       288518	                           288518	                        288481	                                  288481	                      341720	                          341720	                       341678	                                 341678	
part_111.txt	         10011	             10011	          10009	                    10009	      62023	          62023	       62017	                 62017	                       283581	                           283581	                        283548	                                  283548	                      335578	                          335578	                       335541	                                 335541	
part_112.txt	         10305	             10305	          10238	                    10238	      77771	          77771	       77509	                 77509	                       370829	                           370829	                        369717	                                  369717	                      438028	                          438028	                       436718	                                 436718	
part_113.txt	         10030	             10030	          10018	                    10018	      66971	          66971	       66896	                 66896	                       290612	                           290612	                        290263	                                  290263	                      347216	                          347216	                       346804	                                 346804	
part_114.txt	         10064	             10064	          10030	                    10030	      65098	          65098	       64935	                 64935	                       269836	                           269836	                        269222	                                  269222	                      324753	                          324753	                       324013	                                 324013	
part_115.txt	         10005	             10005	           9996	                     9996	      65807	          65807	       65767	                 65767	                       279204	                           279204	                        279042	                                  279042	                      334916	                          334916	                       334723	                                 334723	
part_116.txt	         10038	             10038	          10027	                    10027	      69111	          69111	       69048	                 69048	                       292221	                           292221	                        291948	                                  291948	                      351207	                          351207	                       350880	                                 350880	
part_117.txt	         10072	             10072	          10029	                    10029	      61185	          61185	       61038	                 61038	                       270648	                           270648	                        269950	                                  269950	                      321677	                          321677	                       320875	                                 320875	
part_118.txt	         10407	             10407	          10281	                    10281	      78246	          78246	       77874	                 77874	                       357360	                           357360	                        355720	                                  355720	                      424567	                          424567	                       422683	                                 422683	
part_119.txt	         10565	             10565	          10434	                    10434	      87012	          87012	       86626	                 86626	                       423359	                           423359	                        421477	                                  421477	                      499537	                          499537	                       497401	                                 497401	
part_12.txt 	         10515	             10515	          10263	                    10263	      79054	          79054	       78286	                 78286	                       386594	                           386594	                        383212	                                  383212	                      454874	                          454874	                       450977	                                 450977	
part_120.txt	         10635	             10635	          10334	                    10334	      75459	          75459	       74604	                 74604	                       361108	                           361108	                        357228	                                  357228	                      425694	                          425694	                       421261	                                 421261	
part_121.txt	         10312	             10312	          10125	                    10125	      70093	          70093	       69480	                 69480	                       308940	                           308940	                        306075	                                  306075	                      368511	                          368511	                       365221	                                 365221	
part_122.txt	         10196	             10196	          10112	                    10112	      62450	          62450	       62127	                 62127	                       277049	                           277049	                        275681	                                  275681	                      329200	                          329200	                       327594	                                 327594	
part_123.txt	         10351	             10351	          10130	                    10130	      68159	          68159	       67373	                 67373	                       323561	                           323561	                        319932	                                  319932	                      380672	                          380672	                       376490	                                 376490	
part_124.txt	         10678	             10678	          10494	                    10494	     120423	         120423	      119623	                119623	                       598609	                           598609	                        595111	                                  595111	                      707946	                          707946	                       703836	                                 703836	
part_125.txt	         10193	             10193	          10159	                    10159	      83302	          83302	       83145	                 83145	                       375090	                           375090	                        374455	                                  374455	                      447999	                          447999	                       447241	                                 447241	
part_126.txt	         10181	             10181	          10149	                    10149	      88359	          88359	       88213	                 88213	                       417136	                           417136	                        416486	                                  416486	                      495019	                          495019	                       494255	                                 494255	
part_127.txt	         10283	             10283	          10244	                    10244	      94331	          94331	       94109	                 94109	                       441209	                           441209	                        440194	                                  440194	                      525003	                          525003	                       523804	                                 523804	
part_128.txt	         10297	             10297	          10260	                    10260	      94287	          94287	       94085	                 94085	                       433229	                           433229	                        432356	                                  432356	                      516986	                          516986	                       515949	                                 515949	
part_129.txt	         10312	             10312	          10279	                    10279	     100812	         100812	      100529	                100529	                       460586	                           460586	                        459302	                                  459302	                      550782	                          550782	                       549247	                                 549247	
part_13.txt 	         10402	             10402	          10252	                    10252	      78076	          78076	       77582	                 77582	                       369569	                           369569	                        367108	                                  367108	                      436965	                          436965	                       434161	                                 434161	
part_130.txt	         10204	             10204	          10162	                    10162	      91622	          91622	       91409	                 91409	                       430264	                           430264	                        429363	                                  429363	                      511377	                          511377	                       510305	                                 510305	
part_131.txt	         10283	             10283	          10238	                    10238	      89420	          89420	       89133	                 89133	                       420828	                           420828	                        419603	                                  419603	                      499798	                          499798	                       498331	                                 498331	
part_132.txt	         10211	             10211	          10171	                    10171	      91717	          91717	       91501	                 91501	                       428402	                           428402	                        427450	                                  427450	                      509656	                          509656	                       508528	                                 508528	
part_133.txt	         10348	             10348	          10319	                    10319	      94577	          94577	       94386	                 94386	                       433269	                           433269	                        432425	                                  432425	                      517355	                          517355	                       516349	                                 516349	
part_134.txt	         10355	             10355	          10277	                    10277	      94367	          94367	       93553	                 93553	                       412836	                           412836	                        409371	                                  409371	                      496641	                          496641	                       492441	                                 492441	
part_135.txt	         10345	             10345	          10199	                    10199	      77069	          77069	       76369	                 76369	                       357379	                           357379	                        354291	                                  354291	                      423485	                          423485	                       419847	                                 419847	
part_136.txt	         10068	             10068	          10044	                    10044	      63559	          63559	       63445	                 63445	                       297387	                           297387	                        296895	                                  296895	                      350699	                          350699	                       350115	                                 350115	
part_137.txt	         10032	             10032	          10021	                    10021	      62376	          62376	       62323	                 62323	                       287107	                           287107	                        286862	                                  286862	                      339399	                          339399	                       339112	                                 339112	
part_138.txt	         10032	             10032	          10024	                    10024	      68356	          68356	       68327	                 68327	                       306796	                           306796	                        306684	                                  306684	                      365056	                          365056	                       364921	                                 364921	
part_139.txt	         10068	             10068	          10033	                    10033	      56988	          56988	       56872	                 56872	                       277616	                           277616	                        276987	                                  276987	                      324499	                          324499	                       323789	                                 323789	
part_14.txt 	         10225	             10225	          10181	                    10181	      76595	          76595	       76371	                 76371	                       340053	                           340053	                        339063	                                  339063	                      406299	                          406299	                       405127	                                 405127	
part_140.txt	         10330	             10330	          10236	                    10236	      72260	          72260	       71809	                 71809	                       334116	                           334116	                        332034	                                  332034	                      395697	                          395697	                       393255	                                 393255	
part_141.txt	         10304	             10304	          10143	                    10143	      71149	          71149	       70418	                 70418	                       293696	                           293696	                        290704	                                  290704	                      354445	                          354445	                       350884	                                 350884	
part_142.txt	         10294	             10294	          10220	                    10220	      74072	          74072	       73745	                 73745	                       340783	                           340783	                        339354	                                  339354	                      404329	                          404329	                       402646	                                 402646	
part_143.txt	         10629	             10629	          10560	                    10560	      98131	          98131	       97746	                 97746	                       456127	                           456127	                        454412	                                  454412	                      543314	                          543314	                       541282	                                 541282	
part_144.txt	         10037	             10037	          10017	                    10017	      79459	          79459	       79333	                 79333	                       325998	                           325998	                        325499	                                  325499	                      395355	                          395355	                       394750	                                 394750	
part_145.txt	         10043	             10043	          10010	                    10010	      93768	          93768	       93577	                 93577	                       387668	                           387668	                        386855	                                  386855	                      471341	                          471341	                       470370	                                 470370	
part_146.txt	         10005	             10005	          10004	                    10004	      99379	          99379	       99374	                 99374	                       410529	                           410529	                        410506	                                  410506	                      499855	                          499855	                       499828	                                 499828	
part_147.txt	         10020	             10020	          10011	                    10011	      98844	          98844	       98784	                 98784	                       405706	                           405706	                        405468	                                  405468	                      494503	                          494503	                       494214	                                 494214	
part_148.txt	         10023	             10023	          10011	                    10011	      73339	          73339	       73270	                 73270	                       310018	                           310018	                        309786	                                  309786	                      373181	                          373181	                       372892	                                 372892	
part_149.txt	         10085	             10085	          10042	                    10042	      70710	          70710	       70485	                 70485	                       309576	                           309576	                        308676	                                  308676	                      369437	                          369437	                       368357	                                 368357	
part_15.txt 	         10095	             10095	          10061	                    10061	      70300	          70300	       70158	                 70158	                       295022	                           295022	                        294382	                                  294382	                      355143	                          355143	                       354397	                                 354397	
part_150.txt	         10070	             10070	          10029	                    10029	      74907	          74907	       74695	                 74695	                       317419	                           317419	                        316550	                                  316550	                      382198	                          382198	                       381158	                                 381158	
part_151.txt	         10077	             10077	          10021	                    10021	      75042	          75042	       74753	                 74753	                       322787	                           322787	                        321557	                                  321557	                      387100	                          387100	                       385637	                                 385637	
part_152.txt	         10035	             10035	          10014	                    10014	      71041	          71041	       70928	                 70928	                       303394	                           303394	                        302901	                                  302901	                      363326	                          363326	                       362741	                                 362741	
part_153.txt	         10038	             10038	          10026	                    10026	      71515	          71515	       71451	                 71451	                       288299	                           288299	                        288059	                                  288059	                      349668	                          349668	                       349377	                                 349377	
part_154.txt	         10068	             10068	          10013	                    10013	      70443	          70443	       70189	                 70189	                       291728	                           291728	                        290655	                                  290655	                      352052	                          352052	                       350780	                                 350780	
part_155.txt	         10043	             10043	          10008	                    10008	      63379	          63379	       63226	                 63226	                       259985	                           259985	                        259413	                                  259413	                      313183	                          313183	                       312493	                                 312493	
part_156.txt	         10034	             10034	          10004	                    10004	      65796	          65796	       65672	                 65672	                       267043	                           267043	                        266548	                                  266548	                      322754	                          322754	                       322165	                                 322165	
part_157.txt	         10037	             10037	          10008	                    10008	      68094	          68094	       67979	                 67979	                       269436	                           269436	                        268998	                                  268998	                      327442	                          327442	                       326918	                                 326918	
part_158.txt	         10026	             10026	          10010	                    10010	      70179	          70179	       70120	                 70120	                       280898	                           280898	                        280674	                                  280674	                      341012	                          341012	                       340745	                                 340745	
part_159.txt	         10200	             10200	          10079	                    10079	      64946	          64946	       64445	                 64445	                       270168	                           270168	                        268002	                                  268002	                      324751	                          324751	                       322206	                                 322206	
part_16.txt 	         10160	             10160	          10094	                    10094	      70934	          70934	       70633	                 70633	                       284417	                           284417	                        283323	                                  283323	                      345087	                          345087	                       343758	                                 343758	
part_160.txt	         10025	             10025	          10008	                    10008	      68081	          68081	       68013	                 68013	                       288180	                           288180	                        287891	                                  287891	                      346138	                          346138	                       345798	                                 345798	
part_161.txt	         10033	             10033	          10006	                    10006	      64031	          64031	       63899	                 63899	                       269759	                           269759	                        269219	                                  269219	                      323687	                          323687	                       323043	                                 323043	
part_162.txt	         10020	             10020	          10014	                    10014	      72562	          72562	       72546	                 72546	                       314458	                           314458	                        314381	                                  314381	                      376897	                          376897	                       376810	                                 376810	
part_163.txt	         10006	             10006	          10004	                    10004	      85813	          85813	       85806	                 85806	                       351686	                           351686	                        351658	                                  351658	                      427436	                          427436	                       427403	                                 427403	
part_164.txt	         10002	             10002	          10001	                    10001	      94626	          94626	       94618	                 94618	                       378832	                           378832	                        378805	                                  378805	                      463377	                          463377	                       463343	                                 463343	
part_165.txt	         10000	             10000	           9994	                     9994	      93585	          93585	       93555	                 93555	                       372479	                           372479	                        372370	                                  372370	                      455961	                          455961	                       455828	                                 455828	
part_166.txt	         10020	             10020	          10008	                    10008	      71452	          71452	       71396	                 71396	                       304979	                           304979	                        304729	                                  304729	                      366291	                          366291	                       365997	                                 365997	
part_167.txt	         10029	             10029	          10020	                    10020	      70108	          70108	       70057	                 70057	                       312076	                           312076	                        311859	                                  311859	                      372083	                          372083	                       371824	                                 371824	
part_168.txt	         10003	             10003	          10001	                    10001	      90802	          90802	       90795	                 90795	                       360817	                           360817	                        360782	                                  360782	                      441503	                          441503	                       441463	                                 441463	
part_169.txt	         10029	             10029	          10021	                    10021	      74093	          74093	       74051	                 74051	                       304052	                           304052	                        303901	                                  303901	                      368049	                          368049	                       367864	                                 367864	
part_17.txt 	         10089	             10089	          10043	                    10043	      76716	          76716	       76507	                 76507	                       299747	                           299747	                        298951	                                  298951	                      366313	                          366313	                       365353	                                 365353	
part_170.txt	         10029	             10029	          10015	                    10015	      69778	          69778	       69714	                 69714	                       292013	                           292013	                        291749	                                  291749	                      351714	                          351714	                       351400	                                 351400	
part_171.txt	         10085	             10085	          10049	                    10049	      72016	          72016	       71844	                 71844	                       303365	                           303365	                        302630	                                  302630	                      365230	                          365230	                       364359	                                 364359	
part_172.txt	         10028	             10028	          10003	                    10003	      70157	          70157	       70017	                 70017	                       287985	                           287985	                        287449	                                  287449	                      347989	                          347989	                       347338	                                 347338	
part_173.txt	         10096	             10096	          10039	                    10039	      66747	          66747	       66553	                 66553	                       310618	                           310618	                        309830	                                  309830	                      367228	                          367228	                       366303	                                 366303	
part_174.txt	         10710	             10710	          10443	                    10443	      91020	          91020	       90216	                 90216	                       438707	                           438707	                        435188	                                  435188	                      518519	                          518519	                       514464	                                 514464	
part_175.txt	         10377	             10377	          10162	                    10162	      69783	          69783	       69111	                 69111	                       304238	                           304238	                        301391	                                  301391	                      363513	                          363513	                       360209	                                 360209	
part_176.txt	         10132	             10132	          10080	                    10080	      68118	          68118	       67842	                 67842	                       283047	                           283047	                        281897	                                  281897	                      340821	                          340821	                       339447	                                 339447	
part_177.txt	         10116	             10116	          10061	                    10061	      71270	          71270	       70989	                 70989	                       287558	                           287558	                        286475	                                  286475	                      348611	                          348611	                       347301	                                 347301	
part_178.txt	         10089	             10089	          10067	                    10067	      70227	          70227	       70129	                 70129	                       294678	                           294678	                        294300	                                  294300	                      354716	                          354716	                       354262	                                 354262	
part_179.txt	         10091	             10091	          10058	                    10058	      67815	          67815	       67672	                 67672	                       283998	                           283998	                        283398	                                  283398	                      341620	                          341620	                       340910	                                 340910	
part_18.txt 	         10119	             10119	          10079	                    10079	      72697	          72697	       72499	                 72499	                       292987	                           292987	                        292236	                                  292236	                      355489	                          355489	                       354580	                                 354580	
part_180.txt	         10112	             10112	          10001	                    10001	      55459	          55459	       54973	                 54973	                       259028	                           259028	                        256944	                                  256944	                      304340	                          304340	                       301881	                                 301881	
part_181.txt	         10332	             10332	          10191	                    10191	      69340	          69340	       68776	                 68776	                       306419	                           306419	                        304041	                                  304041	                      364664	                          364664	                       361867	                                 361867	
part_182.txt	         10250	             10250	          10040	                    10040	      68602	          68602	       67566	                 67566	                       273995	                           273995	                        269938	                                  269938	                      332300	                          332300	                       327417	                                 327417	
part_183.txt	         10244	             10244	          10126	                    10126	      72940	          72940	       72456	                 72456	                       302959	                           302959	                        300984	                                  300984	                      365594	                          365594	                       363253	                                 363253	
part_184.txt	         10368	             10368	          10092	                    10092	      71604	          71604	       70763	                 70763	                       328863	                           328863	                        324991	                                  324991	                      389136	                          389136	                       384708	                                 384708	
part_185.txt	         10362	             10362	          10297	                    10297	     109447	         109447	      108932	                108932	                       467469	                           467469	                        465371	                                  465371	                      566280	                          566280	                       563730	                                 563730	
part_186.txt	         10227	             10227	          10054	                    10054	      62995	          62995	       62290	                 62290	                       270954	                           270954	                        268055	                                  268055	                      323569	                          323569	                       320138	                                 320138	
part_187.txt	         10290	             10290	          10153	                    10153	      68828	          68828	       68337	                 68337	                       295080	                           295080	                        293148	                                  293148	                      353389	                          353389	                       351104	                                 351104	
part_188.txt	         10229	             10229	          10109	                    10109	      71366	          71366	       70764	                 70764	                       277477	                           277477	                        275151	                                  275151	                      338522	                          338522	                       335714	                                 335714	
part_189.txt	         10171	             10171	          10088	                    10088	      69990	          69990	       69567	                 69567	                       281237	                           281237	                        279509	                                  279509	                      340815	                          340815	                       338748	                                 338748	
part_19.txt 	         10672	             10672	          10220	                    10220	      63345	          63345	       61786	                 61786	                       284536	                           284536	                        277559	                                  277559	                      337211	                          337211	                       329127	                                 329127	
part_190.txt	         10317	             10317	          10180	                    10180	      87718	          87718	       87216	                 87216	                       398196	                           398196	                        396051	                                  396051	                      475372	                          475372	                       472861	                                 472861	
part_191.txt	         10026	             10026	          10014	                    10014	      63368	          63368	       63321	                 63321	                       298911	                           298911	                        298702	                                  298702	                      352223	                          352223	                       351979	                                 351979	
part_192.txt	         10019	             10019	          10013	                    10013	      65164	          65164	       65138	                 65138	                       310935	                           310935	                        310819	                                  310819	                      366052	                          366052	                       365916	                                 365916	
part_193.txt	         10493	             10493	          10212	                    10212	      75724	          75724	       74713	                 74713	                       319834	                           319834	                        315679	                                  315679	                      384847	                          384847	                       379967	                                 379967	
part_194.txt	         10309	             10309	          10130	                    10130	      76739	          76739	       75832	                 75832	                       313170	                           313170	                        309465	                                  309465	                      379032	                          379032	                       374607	                                 374607	
part_195.txt	         10283	             10283	          10084	                    10084	      73849	          73849	       72968	                 72968	                       300756	                           300756	                        297172	                                  297172	                      364167	                          364167	                       359902	                                 359902	
part_196.txt	         10197	             10197	          10093	                    10093	      73664	          73664	       73205	                 73205	                       311594	                           311594	                        309741	                                  309741	                      374892	                          374892	                       372685	                                 372685	
part_197.txt	         10284	             10284	          10141	                    10141	      69963	          69963	       69381	                 69381	                       306022	                           306022	                        303570	                                  303570	                      365451	                          365451	                       362560	                                 362560	
part_198.txt	         10282	             10282	          10037	                    10037	      57717	          57717	       56891	                 56891	                       274227	                           274227	                        270164	                                  270164	                      321657	                          321657	                       317012	                                 317012	
part_199.txt	         10367	             10367	          10176	                    10176	      68932	          68932	       68152	                 68152	                       316472	                           316472	                        312957	                                  312957	                      373967	                          373967	                       369868	                                 369868	
part_2.txt  	          4802	              4802	           4666	                     4666	     109539	         109539	      109165	                109165	                       519566	                           519566	                        517941	                                  517941	                      619014	                          619014	                       617130	                                 617130	
part_20.txt 	         10800	             10800	          10210	                    10210	      83347	          83347	       81393	                 81393	                       374878	                           374878	                        365925	                                  365925	                      445508	                          445508	                       435231	                                 435231	
part_200.txt	         10033	             10033	          10029	                    10029	      65877	          65877	       65862	                 65862	                       304145	                           304145	                        304088	                                  304088	                      359941	                          359941	                       359873	                                 359873	
part_201.txt	         10026	             10026	          10016	                    10016	      61952	          61952	       61912	                 61912	                       274280	                           274280	                        274121	                                  274121	                      326186	                          326186	                       325997	                                 325997	
part_202.txt	         10008	             10008	          10001	                    10001	      65156	          65156	       65122	                 65122	                       296289	                           296289	                        296127	                                  296127	                      351413	                          351413	                       351224	                                 351224	
part_203.txt	          9998	              9998	           9998	                     9998	      66573	          66573	       66573	                 66573	                       295387	                           295387	                        295387	                                  295387	                      351930	                          351930	                       351930	                                 351930	
part_204.txt	          2928	              2928	           2910	                     2910	      30894	          30894	       30817	                 30817	                       149272	                           149272	                        148879	                                  148879	                      176773	                          176773	                       176319	                                 176319	
part_21.txt 	         10374	             10374	          10314	                    10314	      91091	          91091	       90858	                 90858	                       436513	                           436513	                        435372	                                  435372	                      516892	                          516892	                       515579	                                 515579	
part_22.txt 	         10327	             10327	          10129	                    10129	      71399	          71399	       70719	                 70719	                       354698	                           354698	                        351327	                                  351327	                      415664	                          415664	                       411811	                                 411811	
part_23.txt 	         10598	             10598	          10467	                    10467	      97439	          97439	       96872	                 96872	                       463155	                           463155	                        460506	                                  460506	                      549586	                          549586	                       546499	                                 546499	
part_24.txt 	         10389	             10389	          10103	                    10103	      69422	          69422	       68470	                 68470	                       312614	                           312614	                        309080	                                  309080	                      371424	                          371424	                       367221	                                 367221	
part_25.txt 	         10486	             10486	          10182	                    10182	      72443	          72443	       71601	                 71601	                       340615	                           340615	                        336695	                                  336695	                      402239	                          402239	                       397781	                                 397781	
part_26.txt 	         10111	             10111	          10061	                    10061	      70517	          70517	       70259	                 70259	                       310008	                           310008	                        308897	                                  308897	                      370293	                          370293	                       368974	                                 368974	
part_27.txt 	         10029	             10029	           9992	                     9992	      66356	          66356	       66195	                 66195	                       278122	                           278122	                        277481	                                  277481	                      334105	                          334105	                       333344	                                 333344	
part_28.txt 	         10039	             10039	          10010	                    10010	      68300	          68300	       68148	                 68148	                       285330	                           285330	                        284677	                                  284677	                      343291	                          343291	                       342515	                                 342515	
part_29.txt 	         10059	             10059	          10006	                    10006	      66771	          66771	       66536	                 66536	                       267196	                           267196	                        266309	                                  266309	                      323784	                          323784	                       322718	                                 322718	
part_3.txt  	         10488	             10488	          10422	                    10422	     109670	         109670	      109142	                109142	                       482922	                           482922	                        480572	                                  480572	                      581824	                          581824	                       579013	                                 579013	
part_30.txt 	         10071	             10071	          10000	                    10000	      64867	          64867	       64583	                 64583	                       260683	                           260683	                        259618	                                  259618	                      315342	                          315342	                       314064	                                 314064	
part_31.txt 	         10027	             10027	          10009	                    10009	      67241	          67241	       67153	                 67153	                       283056	                           283056	                        282706	                                  282706	                      340176	                          340176	                       339756	                                 339756	
part_32.txt 	         10001	             10001	           9979	                     9979	      69239	          69239	       69149	                 69149	                       281318	                           281318	                        280972	                                  280972	                      340420	                          340420	                       340006	                                 340006	
part_33.txt 	         10031	             10031	          10010	                    10010	      71598	          71598	       71487	                 71487	                       289109	                           289109	                        288671	                                  288671	                      350601	                          350601	                       350073	                                 350073	
part_34.txt 	         10052	             10052	          10009	                    10009	      70550	          70550	       70321	                 70321	                       289193	                           289193	                        288286	                                  288286	                      349568	                          349568	                       348476	                                 348476	
part_35.txt 	         10104	             10104	           9957	                     9957	      52785	          52785	       52277	                 52277	                       237328	                           237328	                        235072	                                  235072	                      279987	                          279987	                       277370	                                 277370	
part_36.txt 	         10492	             10492	          10145	                    10145	      66287	          66287	       65364	                 65364	                       307013	                           307013	                        302782	                                  302782	                      362646	                          362646	                       357842	                                 357842	
part_37.txt 	         10553	             10553	          10156	                    10156	      75670	          75670	       74449	                 74449	                       345123	                           345123	                        340257	                                  340257	                      409046	                          409046	                       403375	                                 403375	
part_38.txt 	         10181	             10181	          10065	                    10065	      74632	          74632	       74103	                 74103	                       291311	                           291311	                        289309	                                  289309	                      355709	                          355709	                       353295	                                 353295	
part_39.txt 	         10099	             10099	          10035	                    10035	      78886	          78886	       78551	                 78551	                       314435	                           314435	                        313207	                                  313207	                      383196	                          383196	                       381697	                                 381697	
part_4.txt  	         10545	             10545	          10425	                    10425	     102491	         102491	      102158	                102158	                       501856	                           501856	                        500398	                                  500398	                      593475	                          593475	                       591801	                                 591801	
part_40.txt 	         10369	             10369	          10122	                    10122	      74274	          74274	       73447	                 73447	                       310545	                           310545	                        307318	                                  307318	                      374225	                          374225	                       370424	                                 370424	
part_41.txt 	         10177	             10177	          10088	                    10088	      74779	          74779	       74357	                 74357	                       294871	                           294871	                        293275	                                  293275	                      359340	                          359340	                       357411	                                 357411	
part_42.txt 	         10276	             10276	          10028	                    10028	      74479	          74479	       73349	                 73349	                       291135	                           291135	                        286878	                                  286878	                      355285	                          355285	                       350146	                                 350146	
part_43.txt 	         10503	             10503	          10291	                    10291	      74760	          74760	       73825	                 73825	                       304518	                           304518	                        300835	                                  300835	                      367585	                          367585	                       363198	                                 363198	
part_44.txt 	         10078	             10078	          10003	                    10003	      82571	          82571	       82232	                 82232	                       322020	                           322020	                        320749	                                  320749	                      394471	                          394471	                       392936	                                 392936	
part_45.txt 	         10210	             10210	          10064	                    10064	      80246	          80246	       79587	                 79587	                       316433	                           316433	                        313872	                                  313872	                      386119	                          386119	                       383049	                                 383049	
part_46.txt 	         10248	             10248	          10050	                    10050	      80874	          80874	       79913	                 79913	                       312163	                           312163	                        308520	                                  308520	                      382782	                          382782	                       378376	                                 378376	
part_47.txt 	         10080	             10080	          10016	                    10016	      88556	          88556	       88258	                 88258	                       348212	                           348212	                        347048	                                  347048	                      426667	                          426667	                       425269	                                 425269	
part_48.txt 	         10103	             10103	          10016	                    10016	      88979	          88979	       88508	                 88508	                       349596	                           349596	                        347770	                                  347770	                      428455	                          428455	                       426245	                                 426245	
part_49.txt 	         10140	             10140	          10031	                    10031	      74780	          74780	       74265	                 74265	                       291612	                           291612	                        289693	                                  289693	                      354350	                          354350	                       352042	                                 352042	
part_5.txt  	         10221	             10221	          10136	                    10136	      79912	          79912	       79548	                 79548	                       391665	                           391665	                        390084	                                  390084	                      461279	                          461279	                       459418	                                 459418	
part_50.txt 	         10133	             10133	          10066	                    10066	      74142	          74142	       73833	                 73833	                       281932	                           281932	                        280754	                                  280754	                      345782	                          345782	                       344362	                                 344362	
part_51.txt 	         10249	             10249	          10114	                    10114	      76931	          76931	       76192	                 76192	                       296599	                           296599	                        293853	                                  293853	                      363172	                          363172	                       359821	                                 359821	
part_52.txt 	         10210	             10210	          10039	                    10039	      76299	          76299	       75428	                 75428	                       299214	                           299214	                        295942	                                  295942	                      365006	                          365006	                       361038	                                 361038	
part_53.txt 	         10114	             10114	          10039	                    10039	      75930	          75930	       75571	                 75571	                       291399	                           291399	                        290010	                                  290010	                      357089	                          357089	                       355415	                                 355415	
part_54.txt 	         10076	             10076	          10038	                    10038	      86651	          86651	       86406	                 86406	                       316607	                           316607	                        315712	                                  315712	                      393154	                          393154	                       392052	                                 392052	
part_55.txt 	         10102	             10102	          10015	                    10015	      92765	          92765	       92276	                 92276	                       340615	                           340615	                        338711	                                  338711	                      423219	                          423219	                       420913	                                 420913	
part_56.txt 	         10206	             10206	          10057	                    10057	      68633	          68633	       67988	                 67988	                       266603	                           266603	                        264352	                                  264352	                      324933	                          324933	                       322187	                                 322187	
part_57.txt 	         10228	             10228	          10045	                    10045	      66795	          66795	       66035	                 66035	                       254469	                           254469	                        251751	                                  251751	                      310941	                          310941	                       307647	                                 307647	
part_58.txt 	         10127	             10127	          10052	                    10052	      73689	          73689	       73298	                 73298	                       289343	                           289343	                        287874	                                  287874	                      352805	                          352805	                       351020	                                 351020	
part_59.txt 	         10098	             10098	          10031	                    10031	      73058	          73058	       72761	                 72761	                       292552	                           292552	                        291425	                                  291425	                      355312	                          355312	                       353957	                                 353957	
part_6.txt  	         10731	             10731	          10600	                    10600	     121764	         121764	      120845	                120845	                       556731	                           556731	                        552884	                                  552884	                      667330	                          667330	                       662700	                                 662700	
part_60.txt 	         10133	             10133	          10052	                    10052	      71227	          71227	       70903	                 70903	                       293807	                           293807	                        292569	                                  292569	                      354758	                          354758	                       353277	                                 353277	
part_61.txt 	         10052	             10052	          10029	                    10029	      80893	          80893	       80730	                 80730	                       312968	                           312968	                        312362	                                  312362	                      383716	                          383716	                       382970	                                 382970	
part_62.txt 	         10060	             10060	          10025	                    10025	      87204	          87204	       87041	                 87041	                       341932	                           341932	                        341297	                                  341297	                      418801	                          418801	                       418038	                                 418038	
part_63.txt 	         10033	             10033	          10006	                    10006	      84217	          84217	       84060	                 84060	                       337491	                           337491	                        336863	                                  336863	                      411581	                          411581	                       410823	                                 410823	
part_64.txt 	         10129	             10129	          10078	                    10078	      80717	          80717	       80479	                 80479	                       307992	                           307992	                        307005	                                  307005	                      378459	                          378459	                       377286	                                 377286	
part_65.txt 	         10119	             10119	          10030	                    10030	      77192	          77192	       76751	                 76751	                       277077	                           277077	                        275567	                                  275567	                      344058	                          344058	                       342196	                                 342196	
part_66.txt 	         10109	             10109	          10061	                    10061	      76846	          76846	       76556	                 76556	                       292561	                           292561	                        291402	                                  291402	                      359215	                          359215	                       357815	                                 357815	
part_67.txt 	         10154	             10154	          10103	                    10103	      78415	          78415	       78206	                 78206	                       298926	                           298926	                        298110	                                  298110	                      367070	                          367070	                       366096	                                 366096	
part_68.txt 	         10124	             10124	          10045	                    10045	      84364	          84364	       83994	                 83994	                       326646	                           326646	                        325234	                                  325234	                      400811	                          400811	                       399109	                                 399109	
part_69.txt 	         10092	             10092	          10032	                    10032	      80305	          80305	       79995	                 79995	                       313578	                           313578	                        312403	                                  312403	                      383621	                          383621	                       382194	                                 382194	
part_7.txt  	         10156	             10156	          10012	                    10012	      62850	          62850	       62306	                 62306	                       271044	                           271044	                        268867	                                  268867	                      323701	                          323701	                       321125	                                 321125	
part_70.txt 	         10058	             10058	           9933	                     9933	      66390	          66390	       65874	                 65874	                       267766	                           267766	                        265725	                                  265725	                      323988	                          323988	                       321556	                                 321556	
part_71.txt 	         10189	             10189	           9966	                     9966	      61024	          61024	       60223	                 60223	                       258349	                           258349	                        255031	                                  255031	                      309135	                          309135	                       305239	                                 305239	
part_72.txt 	         10230	             10230	           9977	                     9977	      65640	          65640	       64674	                 64674	                       271525	                           271525	                        267565	                                  267565	                      326907	                          326907	                       322234	                                 322234	
part_73.txt 	         10290	             10290	           9977	                     9977	      69582	          69582	       68329	                 68329	                       281926	                           281926	                        276869	                                  276869	                      341198	                          341198	                       335201	                                 335201	
part_74.txt 	         10318	             10318	           9905	                     9905	      69196	          69196	       67735	                 67735	                       290336	                           290336	                        284290	                                  284290	                      349201	                          349201	                       342107	                                 342107	
part_75.txt 	         10159	             10159	           9986	                     9986	      69687	          69687	       69034	                 69034	                       300842	                           300842	                        298154	                                  298154	                      360355	                          360355	                       357187	                                 357187	
part_76.txt 	         10245	             10245	          10068	                    10068	      69917	          69917	       69102	                 69102	                       303277	                           303277	                        299955	                                  299955	                      362925	                          362925	                       358965	                                 358965	
part_77.txt 	         10264	             10264	          10231	                    10231	     120968	         120968	      120770	                120770	                       491926	                           491926	                        491134	                                  491134	                      601827	                          601827	                       600870	                                 600870	
part_78.txt 	         10575	             10575	          10508	                    10508	     128399	         128399	      127927	                127927	                       579512	                           579512	                        577478	                                  577478	                      696717	                          696717	                       694278	                                 694278	
part_79.txt 	         10740	             10740	          10651	                    10651	     109424	         109424	      108919	                108919	                       502928	                           502928	                        500667	                                  500667	                      601333	                          601333	                       598656	                                 598656	
part_8.txt  	         10465	             10465	          10387	                    10387	     110200	         110200	      109757	                109757	                       476918	                           476918	                        475064	                                  475064	                      576322	                          576322	                       574104	                                 574104	
part_80.txt 	         10158	             10158	          10031	                    10031	      67475	          67475	       66911	                 66911	                       286487	                           286487	                        284162	                                  284162	                      343667	                          343667	                       340907	                                 340907	
part_81.txt 	         10569	             10569	          10414	                    10414	      94407	          94407	       93675	                 93675	                       390151	                           390151	                        387234	                                  387234	                      473658	                          473658	                       470164	                                 470164	
part_82.txt 	         10228	             10228	          10079	                    10079	      84282	          84282	       83509	                 83509	                       340934	                           340934	                        337830	                                  337830	                      414824	                          414824	                       411097	                                 411097	
part_83.txt 	         10264	             10264	          10045	                    10045	      76640	          76640	       75798	                 75798	                       311029	                           311029	                        307690	                                  307690	                      377213	                          377213	                       373251	                                 373251	
part_84.txt 	         10359	             10359	           9983	                     9983	      70671	          70671	       69314	                 69314	                       312206	                           312206	                        306320	                                  306320	                      372487	                          372487	                       365620	                                 365620	
part_85.txt 	         10443	             10443	          10000	                    10000	      74360	          74360	       72562	                 72562	                       319079	                           319079	                        311441	                                  311441	                      381395	                          381395	                       372429	                                 372429	
part_86.txt 	         10314	             10314	          10028	                    10028	      81974	          81974	       80397	                 80397	                       323035	                           323035	                        317085	                                  317085	                      386885	                          386885	                       379766	                                 379766	
part_87.txt 	         10255	             10255	          10126	                    10126	      79923	          79923	       79378	                 79378	                       371741	                           371741	                        369389	                                  369389	                      441031	                          441031	                       438261	                                 438261	
part_88.txt 	         10283	             10283	          10199	                    10199	      76784	          76784	       76421	                 76421	                       359479	                           359479	                        357901	                                  357901	                      425667	                          425667	                       423810	                                 423810	
part_89.txt 	         10205	             10205	          10022	                    10022	      66704	          66704	       65983	                 65983	                       293655	                           293655	                        290842	                                  290842	                      350016	                          350016	                       346667	                                 346667	
part_9.txt  	         10604	             10604	          10343	                    10343	      96339	          96339	       95329	                 95329	                       458606	                           458606	                        454066	                                  454066	                      544056	                          544056	                       538763	                                 538763	
part_90.txt 	         10355	             10355	          10140	                    10140	      71136	          71136	       70116	                 70116	                       317060	                           317060	                        312735	                                  312735	                      376704	                          376704	                       371586	                                 371586	
part_91.txt 	         10602	             10602	          10337	                    10337	      85019	          85019	       84180	                 84180	                       406537	                           406537	                        402837	                                  402837	                      480606	                          480606	                       476336	                                 476336	
part_92.txt 	         10124	             10124	          10080	                    10080	      77279	          77279	       77061	                 77061	                       349290	                           349290	                        348346	                                  348346	                      416271	                          416271	                       415153	                                 415153	
part_93.txt 	         10097	             10097	          10036	                    10036	      70544	          70544	       70302	                 70302	                       296927	                           296927	                        295830	                                  295830	                      357330	                          357330	                       356052	                                 356052	
part_94.txt 	         10013	             10013	          10013	                    10013	      79115	          79115	       79115	                 79115	                       335115	                           335115	                        335115	                                  335115	                      404145	                          404145	                       404145	                                 404145	
part_95.txt 	         10023	             10023	          10013	                    10013	      80118	          80118	       80054	                 80054	                       336890	                           336890	                        336651	                                  336651	                      406942	                          406942	                       406649	                                 406649	
part_96.txt 	         10211	             10211	          10114	                    10114	      75563	          75563	       75188	                 75188	                       344150	                           344150	                        342600	                                  342600	                      409325	                          409325	                       407497	                                 407497	
part_97.txt 	         10208	             10208	          10149	                    10149	      68750	          68750	       68503	                 68503	                       336281	                           336281	                        335091	                                  335091	                      394660	                          394660	                       393282	                                 393282	
part_98.txt 	         10434	             10434	          10315	                    10315	      86800	          86800	       86271	                 86271	                       393822	                           393822	                        391679	                                  391679	                      469903	                          469903	                       467350	                                 467350	
part_99.txt 	         10285	             10285	          10143	                    10143	      78063	          78063	       77406	                 77406	                       337838	                           337838	                        335206	                                  335206	                      405298	                          405298	                       402151	                                 402151	
